Kinetic Energy (Settings : Steps = 2000, Dt = 0.004 * femtosec, Ensemble = NVT)
Average : 13.0344267725 (kJ/mole)
Variance : 5.122639757489486 (kJ/mole)

Potential Energy (Settings : Steps = 2000, Dt = 0.004 * femtosec, Ensemble = NVT)
Average : 4.586895927997075 (kJ/mole)
Variance : 4.541387902310713 (kJ/mole)

Total Energy (Settings : Steps = 2000, Dt = 0.004 * femtosec, Ensemble = NVT)
Average : 17.621322697249997 (kJ/mole)
Variance : 0.83051897856187 (kJ/mole)

