Kinetic Energy (Settings : Steps = 1000, Dt = 0.002 * femtosec, Ensemble = NVT)
Average : 15.737660654499999 (kJ/mole)
Variance : 9.675547132510182 (kJ/mole)

Potential Energy (Settings : Steps = 1000, Dt = 0.002 * femtosec, Ensemble = NVT)
Average : 4.470213926034459 (kJ/mole)
Variance : 11.598105831168155 (kJ/mole)

Total Energy (Settings : Steps = 1000, Dt = 0.002 * femtosec, Ensemble = NVT)
Average : 20.207874576 (kJ/mole)
Variance : 0.10201072858440825 (kJ/mole)

