Kinetic Energy (Settings : Steps = 1000, Dt = 0.004 * femtosec, Ensemble = NVT)
Average : 6.043105725199999 (kJ/mole)
Variance : 0.5520513721453978 (kJ/mole)

Potential Energy (Settings : Steps = 1000, Dt = 0.004 * femtosec, Ensemble = NVT)
Average : 1.8722883875852139 (kJ/mole)
Variance : 1.0728012417221113 (kJ/mole)

Total Energy (Settings : Steps = 1000, Dt = 0.004 * femtosec, Ensemble = NVT)
Average : 7.915394084699999 (kJ/mole)
Variance : 0.11161516122321415 (kJ/mole)

