Kinetic Energy (Settings : Steps = 2000, Dt = 0.001 * femtosec, Ensemble = NVT)
Average : 18.12617562525 (kJ/mole)
Variance : 10.336561911474687 (kJ/mole)

Potential Energy (Settings : Steps = 2000, Dt = 0.001 * femtosec, Ensemble = NVT)
Average : 4.407884738019481 (kJ/mole)
Variance : 10.99138101395387 (kJ/mole)

Total Energy (Settings : Steps = 2000, Dt = 0.001 * femtosec, Ensemble = NVT)
Average : 22.534060364000005 (kJ/mole)
Variance : 0.0354826330617085 (kJ/mole)

