Kinetic Energy (Settings : Steps = 2000, Dt = 0.002 * femtosec, Ensemble = NVT)
Average : 8.83699404965 (kJ/mole)
Variance : 13.833007139667385 (kJ/mole)

Potential Energy (Settings : Steps = 2000, Dt = 0.002 * femtosec, Ensemble = NVT)
Average : 7.515619983810779 (kJ/mole)
Variance : 16.71577415344437 (kJ/mole)

Total Energy (Settings : Steps = 2000, Dt = 0.002 * femtosec, Ensemble = NVT)
Average : 16.35261401225 (kJ/mole)
Variance : 0.14555239977266124 (kJ/mole)

