Kinetic Energy (Settings : Steps = 1000, Dt = 0.001 * femtosec, Ensemble = NVT)
Average : 11.028940638 (kJ/mole)
Variance : 0.5925804437910134 (kJ/mole)

Potential Energy (Settings : Steps = 1000, Dt = 0.001 * femtosec, Ensemble = NVT)
Average : 0.903669708891343 (kJ/mole)
Variance : 0.6079976605760442 (kJ/mole)

Total Energy (Settings : Steps = 1000, Dt = 0.001 * femtosec, Ensemble = NVT)
Average : 11.932610345999999 (kJ/mole)
Variance : 0.01277329308833778 (kJ/mole)

