Kinetic Energy (Settings : Steps = 1000, Dt = 0.001 * femtosec, Ensemble = NVE)
Average : 13.698914208499998 (kJ/mole)
Variance : 0.04623141146435879 (kJ/mole)

Potential Energy (Settings : Steps = 1000, Dt = 0.001 * femtosec, Ensemble = NVE)
Average : 0.24981896392814862 (kJ/mole)
Variance : 0.04623141964888771 (kJ/mole)

Total Energy (Settings : Steps = 1000, Dt = 0.001 * femtosec, Ensemble = NVE)
Average : 13.948732822000004 (kJ/mole)
Variance : 4.463160002898223e-13 (kJ/mole)

