Kinetic Energy (Settings : Steps = 10000, Dt = 0.01 * femtosec, Ensemble = NVE)
Average : 10.40696262933 (kJ/mole)
Variance : 10.634391043352196 (kJ/mole)

Potential Energy (Settings : Steps = 10000, Dt = 0.01 * femtosec, Ensemble = NVE)
Average : 9.19616184659486 (kJ/mole)
Variance : 10.63456295879329 (kJ/mole)

Total Energy (Settings : Steps = 10000, Dt = 0.01 * femtosec, Ensemble = NVE)
Average : 19.6031244881 (kJ/mole)
Variance : 9.358802583884468e-10 (kJ/mole)

