Kinetic Energy (Settings : Steps = 1000, Dt = 0.004 * femtosec, Ensemble = NVE)
Average : 47.553445925 (kJ/mole)
Variance : 29.66004717290545 (kJ/mole)

Potential Energy (Settings : Steps = 1000, Dt = 0.004 * femtosec, Ensemble = NVE)
Average : 10.294422982620018 (kJ/mole)
Variance : 29.660130898920304 (kJ/mole)

Total Energy (Settings : Steps = 1000, Dt = 0.004 * femtosec, Ensemble = NVE)
Average : 57.84786909100001 (kJ/mole)
Variance : 6.64487189977305e-11 (kJ/mole)

