Kinetic Energy (Settings : Steps = 4000, Dt = 0.001 * femtosec, Ensemble = NVE)
Average : 14.755591097249999 (kJ/mole)
Variance : 0.8757745491503388 (kJ/mole)

Potential Energy (Settings : Steps = 4000, Dt = 0.001 * femtosec, Ensemble = NVE)
Average : 1.6449715776000233 (kJ/mole)
Variance : 0.8757747562799623 (kJ/mole)

Total Energy (Settings : Steps = 4000, Dt = 0.001 * femtosec, Ensemble = NVE)
Average : 16.400562040500006 (kJ/mole)
Variance : 7.935974988121429e-14 (kJ/mole)

