Kinetic Energy (Settings : Steps = 2000, Dt = 0.001 * femtosec, Ensemble = NVE)
Average : 8.41006340105 (kJ/mole)
Variance : 3.684125148517999 (kJ/mole)

Potential Energy (Settings : Steps = 2000, Dt = 0.001 * femtosec, Ensemble = NVE)
Average : 2.5655018722556493 (kJ/mole)
Variance : 3.6841259455053867 (kJ/mole)

Total Energy (Settings : Steps = 2000, Dt = 0.001 * femtosec, Ensemble = NVE)
Average : 10.975565126999998 (kJ/mole)
Variance : 2.3787100006649827e-13 (kJ/mole)

