Kinetic Energy (Settings : Steps = 2000, Dt = 0.002 * femtosec, Ensemble = NVE)
Average : 18.0308289725 (kJ/mole)
Variance : 3.176765752963487 (kJ/mole)

Potential Energy (Settings : Steps = 2000, Dt = 0.002 * femtosec, Ensemble = NVE)
Average : 3.2885438084016987 (kJ/mole)
Variance : 3.176768707330897 (kJ/mole)

Total Energy (Settings : Steps = 2000, Dt = 0.002 * femtosec, Ensemble = NVE)
Average : 21.319372670999996 (kJ/mole)
Variance : 1.4877589991870262e-12 (kJ/mole)

